30
92
97
54
28
69
35
53
92
92
69
69
45
56
70
98
78
92
83
89
79
75
86
55
2
82
41
57
61
48
89
28
61
63
1
34
2
46
12
88
97
62
83
56
57
79
28
74
69
2
9
51
94
13
36
82
24
41
88
29
38
68
56
86
0
43
68
43
13
12
69
34
48
35
31
29
59
2
16
56
83
96
23
60
95
5
1
95
74
93
82
69
64
12
74
100
39
18
64
50
0
51
36
23
21
45
52
73
15
3
63
10
38
94
50
74
97
97
73
57
71
32
21
77
53
36
10
36
10
0
80
91
42
66
98
46
41
75
18
45
73
92
82
5
76
64
47
82
64
68
8
78
36
96
95
26
82
10
14
63
61
22
67
12
24
92
44
54
3
41
7
71
79
30
12
57
66
97
87
56
5
81
15
67
86
27
37
62
65
41
32
33
99
67
4
27
2
54
28
71
55
68
36
99
68
33
67
93
94
96
9
84
70
52
97
72
86
83
67
13
79
63
81
78
64
30
75
95
6
83
96
35
53
56
23
64
70
78
62
59
89
3
49
83
19
13
70
19
75
56
30
43
11
31
42
29
89
3
79
32
60
32
69
28
23
70
42
37
99
23
92
49
68
30
14
84
37
87
51
71
46
82
64
100
46
5
69
26
58
46
4
85
20
53
21
65
4
37
12
23
35